101		1
1		11162.5		966.565576672554		83.69532040388326		(58,141)		person
-----------------------------------------------------------------------

102		1
1		10168.5		1172.7320952415466		135.2510760888654		(71,136)		person
-----------------------------------------------------------------------

103		1
1		11039.0		1174.0041744709015		124.85603783631696		(80,139)		person
-----------------------------------------------------------------------

104		1
1		11774.0		909.411248087883		70.24195839551224		(89,146)		person
-----------------------------------------------------------------------

105		1
1		11506.0		1158.3473213911057		116.61468077298362		(101,146)		person
-----------------------------------------------------------------------

106		1
1		12237.5		849.7960238456726		59.01150415884903		(115,146)		person
-----------------------------------------------------------------------

107		1
1		12017.0		731.8132696151733		44.56608650951572		(130,145)		person
-----------------------------------------------------------------------

108		1
1		11496.5		820.6244509220123		58.576478880620556		(144,146)		person
-----------------------------------------------------------------------

109		1
1		11181.5		750.1391699314117		50.32498092969525		(158,143)		person
-----------------------------------------------------------------------

110		1
1		11647.0		806.9848431348801		55.91350021889129		(173,145)		person
-----------------------------------------------------------------------

111		1
1		10169.5		845.7960252761841		70.34474815605402		(183,141)		person
-----------------------------------------------------------------------

112		1
1		11166.0		616.9015821218491		34.08271198499378		(193,139)		person
-----------------------------------------------------------------------

113		1
1		9408.5		809.3107433319092		69.61618528696896		(207,132)		person
-----------------------------------------------------------------------

114		1
1		11262.0		880.381810426712		68.82189061713862		(214,142)		person
-----------------------------------------------------------------------

115		1
1		11314.5		943.4528777599335		78.66925914123469		(221,147)		person
-----------------------------------------------------------------------

116		1
1		11230.0		980.8670914173126		85.67232867546382		(228,146)		person
-----------------------------------------------------------------------

117		1
1		12269.5		1168.447825908661		111.27350926041618		(231,151)		person
-----------------------------------------------------------------------

118		1
1		12282.5		974.8254626989365		77.3689951334171		(238,153)		person
-----------------------------------------------------------------------

119		1
1		12138.5		999.9381597042084		82.37231315505531		(243,154)		person
-----------------------------------------------------------------------

120		1
1		12180.5		966.6244509220123		76.70972695047674		(248,151)		person
-----------------------------------------------------------------------

121		1
1		12658.5		768.801077246666		46.692348728177436		(253,148)		person
-----------------------------------------------------------------------

122		1
1		11618.5		1011.5950137376785		88.07715899805775		(258,148)		person
-----------------------------------------------------------------------

123		1
1		11210.0		956.0386644601822		81.53522996813638		(261,149)		person
-----------------------------------------------------------------------

124		1
1		10295.5		1032.0214185714722		103.4498769744329		(267,154)		person
-----------------------------------------------------------------------

125		1
1		9240.5		780.6000657081604		65.94193632201551		(272,153)		person
-----------------------------------------------------------------------

126		1
1		8319.5		629.3452328443527		47.60808006537803		(277,152)		person
-----------------------------------------------------------------------

127		1
1		7816.5		590.2325358390808		44.56910975027593		(283,150)		person
-----------------------------------------------------------------------

128		1
1		7640.0		578.3330409526825		43.7786788295258		(287,149)		person
-----------------------------------------------------------------------

129		1
1		6985.0		720.5584363937378		74.33134720947577		(289,147)		person
-----------------------------------------------------------------------

130		1
1		7196.5		579.2030975818634		46.6165814282534		(291,147)		person
-----------------------------------------------------------------------

131		1
1		7371.5		608.0903998613358		50.16264456399908		(293,146)		person
-----------------------------------------------------------------------

132		1
1		7555.0		552.8771971464157		40.459721393047865		(294,144)		person
-----------------------------------------------------------------------

133		1
1		7461.0		614.8183219432831		50.66366023283132		(293,146)		person
-----------------------------------------------------------------------

134		1
1		7664.5		579.2619731426239		43.77903757963154		(292,147)		person
-----------------------------------------------------------------------

135		1
1		8397.5		646.031525015831		49.70011685790774		(290,145)		person
-----------------------------------------------------------------------

136		1
1		8767.0		662.2741656303406		50.02932251184713		(288,145)		person
-----------------------------------------------------------------------

137		1
1		9337.5		707.972650051117		53.67874411998943		(286,147)		person
-----------------------------------------------------------------------

138		1
1		10369.5		701.2030975818634		47.41653735073053		(285,150)		person
-----------------------------------------------------------------------

139		1
1		11217.5		657.0609620809555		38.4871056733453		(283,152)		person
-----------------------------------------------------------------------

140		1
1		11520.5		659.345232963562		37.73587398392204		(281,151)		person
-----------------------------------------------------------------------

141		1
1		11430.5		750.801077246666		49.31562552773318		(278,149)		person
-----------------------------------------------------------------------

142		1
1		11458.0		599.3036032915115		31.346204304258112		(276,150)		person
-----------------------------------------------------------------------

143		1
1		11234.0		629.303603053093		35.252183088446216		(271,150)		person
-----------------------------------------------------------------------

144		1
1		10717.0		794.1564153432846		58.848970050470804		(266,149)		person
-----------------------------------------------------------------------

145		1
1		10500.0		830.1564158201218		65.63425473593438		(260,148)		person
-----------------------------------------------------------------------

146		1
1		10218.5		801.0853478908539		62.80155938791509		(253,148)		person
-----------------------------------------------------------------------

147		1
1		9467.0		1210.1463108062744		154.69040810795775		(243,144)		person
-----------------------------------------------------------------------

148		1
1		9269.0		1043.4945093393326		117.47554116100275		(233,141)		person
-----------------------------------------------------------------------

149		1
1		8703.0		738.4406859874725		62.65594010360209		(226,134)		person
-----------------------------------------------------------------------

150		1
1		9725.5		791.2274833917618		64.37107917068127		(222,136)		person
-----------------------------------------------------------------------

151		1
1		9243.5		779.7127639055252		65.77075720205477		(217,132)		person
-----------------------------------------------------------------------

152		1
1		9543.0		905.6955190896988		85.9566565334967		(212,130)		person
-----------------------------------------------------------------------

153		1
1		9390.0		868.6660813093185		80.36003842569623		(207,130)		person
-----------------------------------------------------------------------

154		1
1		9964.0		796.7249562740326		63.70640866618418		(201,132)		person
-----------------------------------------------------------------------

155		1
1		10316.0		967.5777686834335		90.75288275013688		(197,137)		person
-----------------------------------------------------------------------

156		1
1		11404.0		978.7493417263031		84.00125165991508		(188,143)		person
-----------------------------------------------------------------------

157		1
1		11498.5		869.9381597042084		65.81661970774837		(182,145)		person
-----------------------------------------------------------------------

158		1
1		12217.5		980.3645652532578		78.66704978958127		(172,144)		person
-----------------------------------------------------------------------

159		1
1		12380.0		1041.9797894954681		87.6996673438627		(164,143)		person
-----------------------------------------------------------------------

160		1
1		12076.5		1038.1635562181473		89.2463519612065		(154,143)		person
-----------------------------------------------------------------------

161		1
1		12108.5		918.64883685112		69.69613787404845		(144,142)		person
-----------------------------------------------------------------------

162		1
1		12121.0		998.5483310222626		82.26208806099712		(135,143)		person
-----------------------------------------------------------------------

163		1
1		12692.0		950.9503520727158		71.25012386599606		(125,140)		person
-----------------------------------------------------------------------

164		1
1		12497.5		987.0508563518524		77.95714287056812		(115,141)		person
-----------------------------------------------------------------------

165		1
1		12173.5		1047.9625438451767		90.21444065408089		(106,136)		person
-----------------------------------------------------------------------

166		1
1		11929.5		1092.7909722328186		100.1041207924514		(94,133)		person
-----------------------------------------------------------------------

167		1
1		14022.5		796.6833266019821		45.263278508511355		(83,139)		person
-----------------------------------------------------------------------

168		1
1		14659.5		725.227482676506		35.87809281553272		(74,139)		person
-----------------------------------------------------------------------

169		1
1		13157.5		1109.6193988323212		93.57820332623992		(67,131)		person
-----------------------------------------------------------------------

170		1
1		13242.5		1405.3838992118835		149.14886948567096		(59,131)		person
-----------------------------------------------------------------------

171		1
1		13850.0		1339.685413479805		129.5853434722423		(52,131)		person
-----------------------------------------------------------------------

172		1
1		17388.0		820.5828214883804		38.725337412113596		(49,142)		person
-----------------------------------------------------------------------

173		1
1		17149.5		886.1980457305908		45.794161710645696		(46,142)		person
-----------------------------------------------------------------------

174		1
1		16835.5		853.9137744903564		43.311379778703774		(44,140)		person
-----------------------------------------------------------------------

175		1
1		15123.5		1109.0508579015732		81.32997027223959		(43,136)		person
-----------------------------------------------------------------------

176		1
1		11229.0		966.7838314771652		83.23724078775206		(41,113)		person
-----------------------------------------------------------------------

177		1
1		13408.5		1381.84479534626		142.40929547865514		(36,131)		person
-----------------------------------------------------------------------

178		1
1		13558.5		1054.5411913394928		82.01918532519946		(33,133)		person
-----------------------------------------------------------------------

179		1
1		11809.5		854.6589413881302		61.85206029846135		(28,129)		person
-----------------------------------------------------------------------

180		1
1		10081.0		767.9310193061829		58.49797147233737		(24,124)		person
-----------------------------------------------------------------------

181		1
1		8669.5		678.7178161144257		53.13546039692431		(21,120)		person
-----------------------------------------------------------------------

182		1
1		8124.0		674.9604572057724		56.07725489800902		(20,115)		person
-----------------------------------------------------------------------

183		1
1		8589.5		598.2914106845856		41.673276919372654		(20,114)		person
-----------------------------------------------------------------------

184		1
1		9329.0		659.1614680290222		46.574535420106734		(23,116)		person
-----------------------------------------------------------------------

185		1
1		10069.5		665.4041082859039		43.97066659950931		(27,120)		person
-----------------------------------------------------------------------

186		1
1		11427.5		611.6051193475723		32.73339068144023		(32,128)		person
-----------------------------------------------------------------------

187		1
1		11267.5		831.2274836301804		61.32142263520406		(37,128)		person
-----------------------------------------------------------------------

188		1
1		11990.0		923.5533847808838		71.13851997833422		(45,133)		person
-----------------------------------------------------------------------

189		1
1		11273.0		953.1513625383377		80.59057215547678		(54,129)		person
-----------------------------------------------------------------------

190		1
1		10696.5		937.879284620285		82.23414691907237		(62,127)		person
-----------------------------------------------------------------------

191		1
1		10536.0		968.6072064638138		89.04706913569032		(72,128)		person
-----------------------------------------------------------------------

192		1
1		10037.5		1193.21737742424		141.8448527807902		(78,134)		person
-----------------------------------------------------------------------

193		1
1		11273.0		815.6122590303421		59.010321749363776		(89,134)		person
-----------------------------------------------------------------------

194		1
1		9897.0		1070.2640612125397		115.73862389847012		(99,139)		person
-----------------------------------------------------------------------

195		1
1		9823.0		1260.7148509025574		161.80412656889519		(112,141)		person
-----------------------------------------------------------------------

196		1
1		9890.0		1404.111819267273		199.34580394398898		(125,142)		person
-----------------------------------------------------------------------

197		1
1		6317.0		905.2346223592758		129.7213426496661		(129,174)		person
-----------------------------------------------------------------------

198		1
1		11186.0		980.7493401765823		85.98867050391576		(148,143)		person
-----------------------------------------------------------------------

199		1
1		11104.0		746.2396751642227		50.15072521516612		(161,139)		person
-----------------------------------------------------------------------

200		1
1		11869.0		934.3229352235794		73.54952795389713		(169,143)		person
-----------------------------------------------------------------------

201		1
1		12097.5		864.080295085907		61.71810343920215		(176,144)		person
-----------------------------------------------------------------------

202		1
1		12783.5		863.1097334623337		58.274996049393415		(184,144)		person
-----------------------------------------------------------------------

203		1
1		12359.5		805.5117530822754		52.49801240775764		(189,144)		person
-----------------------------------------------------------------------

204		1
1		11818.5		857.2518676519394		62.180544450881094		(194,141)		person
-----------------------------------------------------------------------

205		1
1		10197.0		814.7249563932419		65.09529808472784		(209,137)		person
-----------------------------------------------------------------------

206		1
1		10779.0		1003.0092265605927		93.33217446569053		(216,144)		person
-----------------------------------------------------------------------

207		1
1		11470.0		1102.264060974121		105.92729381997916		(220,148)		person
-----------------------------------------------------------------------

208		1
1		11931.0		881.5533841848373		65.13589549641601		(225,152)		person
-----------------------------------------------------------------------

209		1
1		11219.0		913.411248922348		74.36670912361919		(231,155)		person
-----------------------------------------------------------------------

210		1
1		12190.5		738.8010768890381		44.77478620338808		(238,150)		person
-----------------------------------------------------------------------

211		1
1		9993.5		844.9432127475739		71.43933884706978		(243,164)		person
-----------------------------------------------------------------------

212		1
1		11599.0		1051.210237979889		95.27053749752002		(248,151)		person
-----------------------------------------------------------------------

213		1
1		12357.5		814.7422020435333		53.71675952180827		(254,149)		person
-----------------------------------------------------------------------

214		1
1		11425.5		933.8548995256424		76.32794830581135		(260,153)		person
-----------------------------------------------------------------------

215		1
1		10900.5		862.1980454921722		68.19737348291564		(264,154)		person
-----------------------------------------------------------------------

216		1
1		9711.0		757.3279883861542		59.06144392884552		(267,157)		person
-----------------------------------------------------------------------

217		1
1		9145.0		776.5584365129471		65.94237346303257		(270,157)		person
-----------------------------------------------------------------------

218		1
1		8716.5		585.0609624385834		39.26992827047111		(274,155)		person
-----------------------------------------------------------------------

219		1
1		7770.0		628.9604579210281		50.91264576939889		(277,154)		person
-----------------------------------------------------------------------

220		1
1		7807.5		603.4041085243225		46.634200215694186		(278,152)		person
-----------------------------------------------------------------------

221		1
1		7736.5		601.4041087627411		46.750714410483674		(279,150)		person
-----------------------------------------------------------------------

222		1
1		7681.5		575.7472541332245		43.15366798697492		(280,148)		person
-----------------------------------------------------------------------

223		1
1		7534.5		648.4579310417175		55.80963412713582		(278,148)		person
-----------------------------------------------------------------------

224		1
1		7470.0		664.3574252128601		59.085781584399065		(275,157)		person
-----------------------------------------------------------------------

225		1
1		8448.5		736.340180516243		64.17670136032352		(273,164)		person
-----------------------------------------------------------------------

226		1
1		7375.0		688.0975408554077		64.20043738728943		(265,170)		person
-----------------------------------------------------------------------

227		1
1		7334.5		856.5067012310028		100.02095974553335		(263,177)		person
-----------------------------------------------------------------------

228		1
1		6150.5		582.6000664234161		55.18621858329711		(255,183)		person
-----------------------------------------------------------------------

229		1
1		6510.5		885.6193985939026		120.47027404436307		(253,183)		person
-----------------------------------------------------------------------

230		1
1		6786.0		878.4894548654556		113.72586535658789		(248,181)		person
-----------------------------------------------------------------------

231		1
1		7613.0		925.8031656742096		112.5852491228672		(241,176)		person
-----------------------------------------------------------------------

232		1
1		9322.0		726.7249566316605		56.654061638198755		(237,173)		person
-----------------------------------------------------------------------

233		1
1		9357.5		676.5411909818649		48.913490044900904		(231,165)		person
-----------------------------------------------------------------------

234		1
1		8551.0		1179.5432786941528		162.70872954187251		(218,161)		person
-----------------------------------------------------------------------

235		1
1		10057.0		956.6072058677673		90.99108544477846		(210,164)		person
-----------------------------------------------------------------------

236		1
1		9498.0		1016.2640599012375		108.7379068695458		(197,158)		person
-----------------------------------------------------------------------

237		1
1		8830.0		968.0630503892899		106.13205770430541		(179,151)		person
-----------------------------------------------------------------------

238		1
1		10877.0		905.9797887802124		75.46192678847461		(162,153)		person
-----------------------------------------------------------------------

239		1
1		9983.5		1128.3300750255585		127.5232892479774		(146,152)		person
-----------------------------------------------------------------------

240		1
1		9944.0		1162.4305806159973		135.8854439613078		(130,149)		person
-----------------------------------------------------------------------

241		1
1		10764.5		873.2518675327301		70.84108171762746		(110,149)		person
-----------------------------------------------------------------------

242		1
1		10810.5		1098.1046788692474		111.54284128898136		(93,151)		person
-----------------------------------------------------------------------

243		1
1		7610.5		982.0214204788208		126.71520534514696		(79,143)		person
-----------------------------------------------------------------------

244		1
1		8089.5		774.5411908626556		74.15959655639296		(60,142)		person
-----------------------------------------------------------------------

245		1
1		7350.5		844.7665857076645		97.0859920179831		(38,141)		person
-----------------------------------------------------------------------

246		1
1		6733.0		735.2447285652161		80.28884759883235		(25,139)		person
-----------------------------------------------------------------------

247		1
1		4077.0		673.7300089597702		111.33483565683886		(24,148)		person
-----------------------------------------------------------------------

248		1
1		3605.0		400.73506140708923		44.546071966974644		(18,145)		person
-----------------------------------------------------------------------

249		1
1		2408.0		400.4507905244827		66.59503140850629		(14,143)		person
-----------------------------------------------------------------------

250		1
1		1469.0		223.0538226366043		33.86862341239056		(12,139)		person
-----------------------------------------------------------------------

251		1
1		912.0		192.9116872549057		40.80583232405104		(8,142)		person
-----------------------------------------------------------------------

252		0
-----------------------------------------------------------------------

253		0
-----------------------------------------------------------------------

254		0
-----------------------------------------------------------------------

255		0
-----------------------------------------------------------------------

256		0
-----------------------------------------------------------------------

257		0
-----------------------------------------------------------------------

258		0
-----------------------------------------------------------------------

259		0
-----------------------------------------------------------------------

260		0
-----------------------------------------------------------------------

261		0
-----------------------------------------------------------------------

262		0
-----------------------------------------------------------------------

263		0
-----------------------------------------------------------------------

264		0
-----------------------------------------------------------------------

265		0
-----------------------------------------------------------------------

266		0
-----------------------------------------------------------------------

267		0
-----------------------------------------------------------------------

268		0
-----------------------------------------------------------------------

269		0
-----------------------------------------------------------------------

270		1
1		933.5		139.49747395515442		20.845790294449902		(26,157)		person
-----------------------------------------------------------------------

271		1
1		797.5		170.81118249893188		36.584902904932186		(26,158)		person
-----------------------------------------------------------------------

272		1
1		774.5		187.63960909843445		45.45981007438772		(25,157)		person
-----------------------------------------------------------------------

273		1
1		781.0		175.39696896076202		39.390648810016025		(24,156)		person
-----------------------------------------------------------------------

274		1
1		1022.0		174.42640614509583		29.76963910048329		(20,154)		person
-----------------------------------------------------------------------

275		1
1		1063.5		192.32590067386627		34.78067895628949		(20,152)		person
-----------------------------------------------------------------------

276		1
1		552.5		94.38477599620819		16.123956452225155		(31,155)		false object
-----------------------------------------------------------------------

277		1
1		553.5		94.38477599620819		16.094825546259074		(31,155)		false object
-----------------------------------------------------------------------

278		1
1		555.5		94.38477599620819		16.036878379575874		(31,155)		false object
-----------------------------------------------------------------------

279		1
1		558.5		94.38477599620819		15.950735792040103		(31,155)		false object
-----------------------------------------------------------------------

280		1
1		557.5		93.55634891986847		15.700072508011075		(31,155)		false object
-----------------------------------------------------------------------

281		1
1		557.5		94.38477599620819		15.979346977317306		(31,155)		false object
-----------------------------------------------------------------------

282		1
1		562.5		95.21320295333862		16.11654047401538		(31,155)		false object
-----------------------------------------------------------------------

283		1
1		558.5		93.55634891986847		15.671961366546418		(31,155)		false object
-----------------------------------------------------------------------

284		1
1		1335.5		193.98275482654572		28.176195559787153		(21,147)		person
-----------------------------------------------------------------------

285		1
1		1470.0		164.9116872549057		18.500588158680156		(22,148)		true object
-----------------------------------------------------------------------

286		2
1		1523.0		232.5096664428711		35.49622126682546		(17,211)		true object
2		664.5		127.69848418235779		24.540109650070555		(7,59)		true object
-----------------------------------------------------------------------

287		1
1		1939.0		253.4802281856537		33.13678498249152		(31,212)		true object
-----------------------------------------------------------------------

288		1
1		4163.5		606.5168058872223		88.35418177582285		(21,104)		person
-----------------------------------------------------------------------

289		1
1		7089.5		1046.3056901693344		154.4192957586187		(38,127)		person
-----------------------------------------------------------------------

290		1
1		7109.5		1015.7615344524384		145.1257465184854		(45,126)		person
-----------------------------------------------------------------------

291		1
1		6321.5		506.91882741451263		40.64963973539579		(35,108)		person
-----------------------------------------------------------------------

292		1
1		8060.5		560.8599510192871		39.02535632496211		(49,113)		person
-----------------------------------------------------------------------

293		1
1		12129.5		971.1341178417206		77.75270825971532		(66,141)		person
-----------------------------------------------------------------------

294		1
1		13949.0		857.0092269182205		52.6535819788491		(83,140)		person
-----------------------------------------------------------------------

295		1
1		12315.0		1255.7442891597748		128.04658706921543		(88,142)		person
-----------------------------------------------------------------------

296		1
1		12658.0		1070.2051849365234		90.48342059290712		(94,145)		person
-----------------------------------------------------------------------

297		1
1		10454.5		1304.472210407257		162.76701398678037		(104,150)		person
-----------------------------------------------------------------------

298		1
1		10125.0		1322.856986284256		172.834627768994		(110,152)		person
-----------------------------------------------------------------------

299		1
1		11263.5		958.7077105045319		81.6016756941307		(116,150)		person
-----------------------------------------------------------------------

300		2
1		8318.0		1041.6610281467438		130.44694608796962		(131,154)		person
2		555.0		92.97056245803833		15.573919790565776		(31,155)		false object
-----------------------------------------------------------------------

301		2
1		8965.5		1062.3889513015747		125.89038914144884		(136,168)		person
2		558.0		93.79898953437805		15.76747390263506		(31,155)		false object
-----------------------------------------------------------------------

302		2
1		10368.5		1116.388950586319		120.20295018481194		(140,156)		person
2		560.5		93.55634891986847		15.616040005738046		(31,155)		false object
-----------------------------------------------------------------------

303		2
1		9644.5		967.3351272344589		97.02288852524308		(149,155)		person
2		561.5		94.38477599620819		15.865513695199283		(31,155)		false object
-----------------------------------------------------------------------

304		2
1		10516.0		928.6660814285278		82.01033575464217		(153,153)		person
2		558.0		92.97056245803833		15.490189039003594		(31,155)		false object
-----------------------------------------------------------------------

305		2
1		10419.5		875.5950137376785		73.57998254064834		(156,152)		person
2		558.5		93.55634891986847		15.671961366546418		(31,155)		false object
-----------------------------------------------------------------------

306		2
1		9924.5		1230.6143457889557		152.59324581203882		(156,153)		person
2		558.0		94.62741661071777		16.047218592147573		(31,155)		false object
-----------------------------------------------------------------------

307		2
1		9599.5		1430.7219915390015		213.23667035505252		(156,153)		person
2		555.5		93.55634891986847		15.756598421631278		(31,155)		false object
-----------------------------------------------------------------------

308		2
1		9239.5		1312.1534496545792		186.34630396021564		(157,150)		person
2		556.0		93.79898953437805		15.824191434658928		(31,155)		false object
-----------------------------------------------------------------------

309		2
1		9328.5		1274.1534495353699		174.03301848773998		(158,150)		person
2		557.0		92.97056245803833		15.51799907318493		(31,155)		false object
-----------------------------------------------------------------------

310		2
1		9989.5		1010.3056906461716		102.1790468544009		(162,151)		person
2		558.0		92.97056245803833		15.490189039003594		(31,155)		false object
-----------------------------------------------------------------------

311		2
1		9732.5		794.2813056707382		64.82227511307606		(166,148)		person
2		558.0		93.79898953437805		15.76747390263506		(31,155)		false object
-----------------------------------------------------------------------

312		2
1		10594.5		918.7077115774155		79.66622863861548		(164,149)		person
2		558.5		94.38477599620819		15.950735792040103		(31,155)		false object
-----------------------------------------------------------------------

313		2
1		11224.0		953.5777676105499		81.01483952967925		(166,148)		person
2		559.0		93.79898953437805		15.739267330358432		(31,155)		false object
-----------------------------------------------------------------------

314		2
1		10978.5		996.6488367319107		90.4776521163247		(173,144)		person
2		560.0		93.79898953437805		15.711161495839935		(31,155)		false object
-----------------------------------------------------------------------

315		2
1		11812.5		929.5361388921738		73.14602611695835		(180,141)		person
2		556.0		92.97056245803833		15.545909143460442		(31,155)		false object
-----------------------------------------------------------------------

316		2
1		12401.0		769.5533839464188		47.75521415558295		(185,140)		person
2		561.5		94.38477599620819		15.865513695199283		(31,155)		false object
-----------------------------------------------------------------------

317		3
1		11521.5		900.3645651340485		70.36031334019218		(195,138)		person
2		618.0		163.7401144504547		43.38321210396118		(103,177)		true object
3		559.0		93.79898953437805		15.739267330358432		(31,155)		false object
-----------------------------------------------------------------------

318		3
1		11000.5		1112.1046800613403		112.42914589467172		(209,147)		person
2		613.0		156.9116871356964		40.16521624758675		(103,177)		true object
3		556.0		93.79898953437805		15.824191434658928		(31,155)		false object
-----------------------------------------------------------------------

319		3
1		10825.5		1051.8204082250595		102.19631159380451		(219,146)		person
2		622.0		160.56854140758514		41.45057313466139		(103,177)		true object
3		560.5		93.55634891986847		15.616040005738046		(31,155)		false object
-----------------------------------------------------------------------

320		3
1		10791.5		1107.1341168880463		113.58439074989336		(228,149)		person
2		635.0		154.9116872549057		37.79154464277435		(103,177)		true object
3		561.0		92.97056245803833		15.407353803500902		(31,155)		false object
-----------------------------------------------------------------------

321		3
1		11053.0		1101.0924879312515		109.69009924713953		(235,150)		person
2		645.5		156.32590079307556		37.85869443650891		(103,177)		true object
3		559.5		93.55634891986847		15.64395071173579		(31,155)		false object
-----------------------------------------------------------------------

322		3
1		10768.0		995.0092273950577		91.94310573934895		(242,146)		person
2		637.5		156.32590079307556		38.33378393532001		(103,177)		true object
3		561.0		92.97056245803833		15.407353803500902		(31,155)		false object
-----------------------------------------------------------------------

323		3
1		10969.5		779.0264724493027		55.32451294742733		(248,143)		person
2		639.5		156.32590079307556		38.21389719900939		(103,177)		true object
3		561.5		93.55634891986847		15.588228714543499		(31,155)		false object
-----------------------------------------------------------------------

324		3
1		10815.5		735.227482676506		49.980070388131104		(252,144)		person
2		630.5		160.32590079307556		40.76827036496607		(103,177)		true object
3		558.5		93.55634891986847		15.671961366546418		(31,155)		false object
-----------------------------------------------------------------------

325		3
1		10023.0		798.7838320732117		63.659145004645794		(255,148)		person
2		645.0		161.74011433124542		40.55792958741758		(103,178)		true object
3		560.5		93.55634891986847		15.616040005738046		(31,155)		false object
-----------------------------------------------------------------------

326		3
1		9740.5		927.4528781175613		88.30848941312541		(258,148)		person
2		668.0		162.911687374115		39.730865094433206		(103,178)		true object
3		548.5		93.21320307254791		15.840840887956345		(31,155)		false object
-----------------------------------------------------------------------

327		3
1		9680.0		748.156415104866		57.8241757709261		(262,151)		person
2		680.5		167.15432798862457		41.058882241482266		(103,178)		true object
3		540.5		93.21320307254791		16.075302917750335		(31,155)		false object
-----------------------------------------------------------------------

328		3
1		10019.0		968.4650710821152		93.6145916664424		(264,149)		person
2		683.0		169.39696848392487		42.01366461426623		(103,179)		true object
3		541.5		93.21320307254791		16.045616301097056		(31,155)		false object
-----------------------------------------------------------------------

329		3
1		9732.5		690.3157955408096		48.96335962734559		(266,150)		person
2		689.5		167.49747383594513		40.68949056043963		(103,179)		true object
3		543.5		94.04163014888763		16.271993010230307		(31,155)		false object
-----------------------------------------------------------------------

330		3
1		9525.0		782.1564152240753		64.22768061692138		(267,149)		person
2		692.5		164.66904664039612		39.15652696239271		(103,179)		true object
3		546.5		94.04163014888763		16.182668254455944		(31,155)		false object
-----------------------------------------------------------------------

331		3
1		9331.5		759.0853465795517		61.748975340706004		(269,149)		person
2		694.0		168.9116872549057		41.11117880590644		(103,179)		true object
3		548.0		94.62741661071777		16.34005104820866		(31,155)		false object
-----------------------------------------------------------------------

332		3
1		9002.5		580.9188274145126		37.485885481216584		(273,151)		person
2		693.0		168.56854140758514		41.00339560213672		(103,179)		true object
3		543.0		94.62741661071777		16.490511923422368		(31,155)		false object
-----------------------------------------------------------------------

333		3
1		8518.5		587.8893904685974		40.572158880734754		(276,150)		person
2		691.5		165.49747359752655		39.608696698718724		(103,179)		true object
3		552.0		94.62741661071777		16.221644881192656		(31,155)		false object
-----------------------------------------------------------------------

334		3
1		8101.5		544.7178163528442		36.62500764700499		(279,151)		person
2		688.0		164.08326017856598		39.13272713782991		(103,179)		true object
3		554.0		93.79898953437805		15.881318479549392		(31,155)		false object
-----------------------------------------------------------------------

335		3
1		6754.0		536.6173111200333		42.635199673333524		(279,160)		person
2		701.5		169.1543276309967		40.78857670177416		(103,179)		true object
3		557.0		93.79898953437805		15.795781755243024		(31,155)		false object
-----------------------------------------------------------------------

336		3
1		6881.5		592.1736599206924		50.958314830177706		(281,165)		person
2		692.5		168.32590079307556		40.91495866830371		(103,179)		true object
3		564.0		92.97056245803833		15.325399793907811		(31,155)		false object
-----------------------------------------------------------------------

337		3
1		7353.5		626.8010764122009		53.42756366240481		(283,167)		person
2		684.0		165.25483310222626		39.92567231526996		(103,179)		true object
3		565.5		93.55634891986847		15.47796714980756		(31,155)		false object
-----------------------------------------------------------------------

338		3
1		7257.0		558.4751762151718		42.978437708222025		(282,172)		person
2		696.5		171.15432786941528		42.058584276283284		(103,179)		true object
3		564.5		93.55634891986847		15.505386046441407		(31,155)		false object
-----------------------------------------------------------------------

339		3
1		6935.0		546.8183226585388		43.11611795170842		(280,179)		person
2		692.5		171.15432786941528		42.30152194719322		(103,179)		true object
3		567.5		93.55634891986847		15.423419247958018		(31,155)		false object
-----------------------------------------------------------------------

340		3
1		5338.5		358.2081503868103		24.035418001974282		(280,192)		person
2		701.0		170.56854140758514		41.50303469031539		(103,179)		true object
3		563.5		93.55634891986847		15.53290225947857		(31,155)		false object
-----------------------------------------------------------------------

341		3
1		4742.0		387.1370824575424		31.60588794047617		(278,198)		person
2		690.0		168.08326029777527		40.9449020178691		(103,179)		true object
3		566.0		94.97056245803833		15.93534935264339		(31,155)		false object
-----------------------------------------------------------------------

342		3
1		4311.0		333.33809304237366		25.77459621274093		(277,201)		person
2		697.5		164.66904664039612		38.875835012841506		(103,179)		true object
3		562.0		92.97056245803833		15.379938583209976		(31,155)		false object
-----------------------------------------------------------------------

343		3
1		3940.5		324.0660148859024		26.651131075759398		(276,205)		person
2		694.0		168.9116872549057		41.11117880590644		(103,179)		true object
3		563.5		93.55634891986847		15.53290225947857		(31,155)		false object
-----------------------------------------------------------------------

344		3
1		3617.5		325.5807338953018		29.302782110242802		(276,208)		person
2		706.0		172.56854140758514		42.181163574421284		(103,179)		true object
3		567.5		93.55634891986847		15.423419247958018		(31,155)		false object
-----------------------------------------------------------------------

345		3
1		3417.0		311.8233745098114		28.45590192879312		(275,210)		person
2		691.5		170.32590091228485		41.953597283559624		(103,179)		true object
3		564.5		93.55634891986847		15.505386046441407		(31,155)		false object
-----------------------------------------------------------------------

346		3
1		3189.0		320.9949470758438		32.31036564698143		(275,213)		person
2		692.5		167.49747371673584		40.5132183414998		(103,179)		true object
3		565.5		93.55634891986847		15.47796714980756		(31,155)		false object
-----------------------------------------------------------------------

347		3
1		3236.0		328.99494767189026		33.447983805200806		(275,212)		person
2		685.5		165.49747383594513		39.9553812488393		(103,179)		true object
3		560.0		92.97056245803833		15.434866935292868		(31,155)		false object
-----------------------------------------------------------------------

348		3
1		3626.5		341.237587928772		32.10894565433514		(275,208)		person
2		694.0		168.9116872549057		41.11117880590644		(103,179)		true object
3		559.0		92.97056245803833		15.4624785040501		(31,155)		false object
-----------------------------------------------------------------------

349		3
1		4269.5		358.69343161582947		30.134905231137072		(276,200)		person
2		685.0		170.9116872549057		42.64351071579372		(103,179)		true object
3		564.5		93.55634891986847		15.505386046441407		(31,155)		false object
-----------------------------------------------------------------------

350		3
1		4946.5		359.5218583345413		26.130792807100374		(278,190)		person
2		688.0		166.0832600593567		40.09251347666265		(103,179)		true object
3		563.0		92.97056245803833		15.352620752689175		(31,155)		false object
-----------------------------------------------------------------------

351		3
1		6234.0		593.8721439838409		56.57428992620531		(278,170)		person
2		682.5		170.32590079307556		42.50683147395256		(103,179)		true object
3		561.0		92.97056245803833		15.407353803500902		(31,155)		false object
-----------------------------------------------------------------------

352		3
1		6210.0		570.0731542110443		52.332270716929		(281,163)		person
2		677.0		166.9116872549057		41.15142000336699		(103,179)		true object
3		562.0		92.97056245803833		15.379938583209976		(31,155)		false object
-----------------------------------------------------------------------

353		3
1		6520.0		576.9015818834305		51.045312144111115		(283,156)		person
2		682.5		164.66904664039612		39.7302489691677		(103,179)		true object
3		556.0		93.79898953437805		15.824191434658928		(31,155)		false object
-----------------------------------------------------------------------

354		3
1		6551.5		526.2325356006622		42.26828688463745		(284,151)		person
2		681.0		165.74011421203613		40.33742358152538		(103,179)		true object
3		557.0		93.79898953437805		15.795781755243024		(31,155)		false object
-----------------------------------------------------------------------

355		3
1		7142.5		517.4041085243225		37.48085565528161		(284,147)		person
2		675.5		163.49747359752655		39.57279625873263		(103,179)		true object
3		553.0		94.62741661071777		16.192310984481637		(31,155)		false object
-----------------------------------------------------------------------

356		3
1		7834.5		550.5756810903549		38.692141248083246		(285,146)		person
2		671.0		164.08326017856598		40.124167318669116		(103,179)		true object
3		549.0		93.79898953437805		16.025957081366784		(31,155)		false object
-----------------------------------------------------------------------

357		3
1		8571.0		620.7594472169876		44.95884859516276		(285,147)		person
2		672.5		165.49747383594513		40.727752930973004		(103,178)		true object
3		549.5		93.21320307254791		15.812013152036497		(31,155)		false object
-----------------------------------------------------------------------

358		3
1		9448.5		581.546244263649		35.79362165604654		(283,149)		person
2		671.5		168.32590091228485		42.19450322849194		(103,178)		true object
3		544.5		93.21320307254791		15.957210701641975		(31,155)		false object
-----------------------------------------------------------------------

359		3
1		10191.0		581.3036032915115		33.15806880577912		(282,151)		person
2		669.0		165.7401144504547		41.060964929820365		(103,178)		true object
3		545.5		94.04163014888763		16.21233400744303		(31,155)		false object
-----------------------------------------------------------------------

360		3
1		10239.5		650.8599517345428		41.37103147340118		(280,149)		person
2		651.5		165.98275482654572		42.2874518799834		(103,178)		true object
3		541.5		94.04163014888763		16.332092707405675		(31,155)		false object
-----------------------------------------------------------------------

361		3
1		10051.5		652.6589413881302		42.37812204883597		(278,150)		person
2		648.0		167.39696848392487		43.24343373087675		(103,178)		true object
3		542.5		93.21320307254791		16.016039128191807		(31,155)		false object
-----------------------------------------------------------------------

362		3
1		9936.5		726.9432121515274		53.18235130007352		(276,150)		person
2		650.5		168.81118202209473		43.80817090806579		(103,178)		true object
3		542.5		94.04163014888763		16.301987467392024		(31,155)		false object
-----------------------------------------------------------------------

363		3
1		9863.5		729.6295037269592		53.972647914923584		(272,150)		person
2		635.5		167.15432786941528		43.96627745944293		(103,178)		true object
3		547.5		93.21320307254791		15.869773930674073		(31,155)		false object
-----------------------------------------------------------------------

364		3
1		9947.0		628.6173117160797		39.72652303097928		(267,151)		person
2		638.0		166.2253954410553		43.308592616826346		(103,178)		true object
3		547.5		93.21320307254791		15.869773930674073		(31,155)		false object
-----------------------------------------------------------------------

365		3
1		10150.5		691.5706286430359		47.11786950413515		(264,150)		person
2		626.0		168.56854128837585		45.39193787873941		(103,178)		true object
3		548.5		93.21320307254791		15.840840887956345		(31,155)		false object
-----------------------------------------------------------------------

366		3
1		10053.5		734.0559103488922		53.59706366122653		(261,147)		person
2		623.0		168.56854152679443		45.61051876801062		(103,178)		true object
3		555.5		92.38477599620819		15.364440748640082		(31,155)		false object
-----------------------------------------------------------------------

367		3
1		9993.5		773.0264718532562		59.79585992754222		(258,144)		person
2		612.5		164.81118178367615		44.34730716886848		(103,178)		true object
3		549.5		93.21320307254791		15.812013152036497		(31,155)		false object
-----------------------------------------------------------------------

368		3
1		9987.5		748.6833262443542		56.12282583192092		(256,143)		person
2		597.5		164.81118190288544		45.4606287535163		(103,177)		true object
3		554.0		93.79898953437805		15.881318479549392		(31,155)		false object
-----------------------------------------------------------------------

369		3
1		9595.5		881.595014333725		80.99731846157894		(254,144)		person
2		607.0		161.39696836471558		42.91430213726689		(103,177)		true object
3		552.5		92.38477599620819		15.447867576234506		(31,155)		false object
-----------------------------------------------------------------------

370		3
1		9715.5		768.5411916971207		60.795179181229		(252,144)		person
2		604.0		163.39696836471558		44.20292925625805		(103,177)		true object
3		555.5		93.21320307254791		15.641226331312431		(31,155)		false object
-----------------------------------------------------------------------

371		3
1		9042.5		828.1391695737839		75.84345968287049		(250,146)		person
2		596.0		158.9116871356964		42.370678369653454		(103,177)		true object
3		556.5		92.38477599620819		15.336831690691042		(31,155)		false object
-----------------------------------------------------------------------

372		3
1		7980.5		836.139170050621		87.60462523562951		(247,138)		person
2		583.0		163.7401144504547		45.987693105056614		(103,177)		true object
3		562.5		93.55634891986847		15.560516307939865		(31,155)		false object
-----------------------------------------------------------------------

373		3
1		7672.0		858.7249567508698		96.11686018597278		(248,135)		person
2		602.0		161.74011421203613		43.454924493891184		(103,177)		true object
3		558.5		92.38477599620819		15.281910180607994		(31,155)		false object
-----------------------------------------------------------------------

374		3
1		4369.5		502.4335469007492		57.773079082564905		(245,183)		person
2		598.5		160.32590067386627		42.94802744676095		(103,177)		true object
3		562.5		92.38477599620819		15.173238819323672		(31,155)		false object
-----------------------------------------------------------------------

375		3
1		4252.5		538.5756814479828		68.21017393231253		(244,189)		person
2		605.5		162.32590055465698		43.51725514596266		(103,178)		true object
3		557.5		92.38477599620819		15.309321678689802		(31,155)		false object
-----------------------------------------------------------------------

376		3
1		8674.5		1013.3940031528473		118.38923345739272		(250,148)		person
2		598.0		160.9116872549057		43.29861387160632		(103,178)		true object
3		562.0		92.97056245803833		15.379938583209976		(31,155)		false object
-----------------------------------------------------------------------

377		3
1		9679.5		887.4528785943985		81.36500973454045		(254,145)		person
2		612.0		162.56854116916656		43.18387349325327		(103,178)		true object
3		558.0		92.97056245803833		15.490189039003594		(31,155)		false object
-----------------------------------------------------------------------

378		3
1		10843.0		824.9259668588638		62.75964685032107		(258,153)		person
2		606.0		169.39696848392487		47.35203454050138		(103,177)		true object
3		557.0		92.97056245803833		15.51799907318493		(31,155)		false object
-----------------------------------------------------------------------

379		3
1		11326.0		842.5828211307526		62.68283687662526		(262,154)		person
2		605.0		165.74011433124542		45.40460412980877		(103,178)		true object
3		555.5		92.38477599620819		15.364440748640082		(31,155)		false object
-----------------------------------------------------------------------

380		3
1		11386.5		715.2863577604294		44.9334364025979		(268,153)		person
2		616.5		163.15432798862457		43.1781585424488		(103,178)		true object
3		556.0		92.97056245803833		15.545909143460442		(31,155)		false object
-----------------------------------------------------------------------

381		3
1		11584.5		657.0020875930786		37.26114576387961		(273,155)		person
2		607.0		162.9116871356964		43.72358781779083		(103,178)		true object
3		553.5		92.38477599620819		15.419958149719177		(31,155)		false object
-----------------------------------------------------------------------

382		3
1		11360.0		831.3279881477356		60.83681548219732		(276,156)		person
2		611.5		165.15432798862457		44.604991093007655		(103,178)		true object
3		557.0		93.79898953437805		15.795781755243024		(31,155)		false object
-----------------------------------------------------------------------

383		3
1		10770.5		774.4579312801361		55.68776633607613		(277,158)		person
2		605.0		162.9116872549057		43.868128668165625		(103,178)		true object
3		555.5		92.38477599620819		15.364440748640082		(31,155)		false object
-----------------------------------------------------------------------

384		3
1		10234.5		839.7127636671066		68.89613810791441		(278,157)		person
2		603.0		164.9116872549057		45.10093630723023		(103,178)		true object
3		549.5		93.21320307254791		15.812013152036497		(31,155)		false object
-----------------------------------------------------------------------

385		3
1		10339.0		884.0975395441055		75.600005747939		(281,155)		person
2		604.5		163.49747383594513		44.22071786722177		(103,178)		true object
3		553.0		93.79898953437805		15.910036957812592		(31,155)		false object
-----------------------------------------------------------------------

386		3
1		10072.0		862.6416965723038		73.88311126540336		(281,155)		person
2		622.0		167.39696848392487		45.051037070109544		(103,178)		true object
3		550.5		93.21320307254791		15.783290149035523		(31,155)		false object
-----------------------------------------------------------------------

387		3
1		10184.5		774.7422014474869		58.935193549383705		(282,154)		person
2		635.5		169.63960921764374		45.283394202226404		(103,178)		true object
3		545.5		93.21320307254791		15.92795825305968		(31,155)		false object
-----------------------------------------------------------------------

388		3
1		10430.0		768.2152901887894		56.582428770838526		(283,154)		person
2		650.0		165.7401144504547		42.26120852007666		(103,178)		true object
3		546.5		93.21320307254791		15.898812858269086		(31,155)		false object
-----------------------------------------------------------------------

389		3
1		10373.5		749.9726494550705		54.22075239125252		(283,153)		person
2		657.5		167.982754945755		42.9174235120389		(103,179)		true object
3		546.5		93.21320307254791		15.898812858269086		(31,155)		false object
-----------------------------------------------------------------------

390		3
1		10138.5		807.9137744903564		64.38079272192677		(283,153)		person
2		657.0		169.0538226366043		43.49953568957149		(103,178)		true object
3		545.5		94.04163014888763		16.21233400744303		(31,155)		false object
-----------------------------------------------------------------------

391		3
1		9451.5		875.3696178197861		81.07411181314694		(283,152)		person
2		662.5		165.982754945755		41.58532066321896		(103,179)		true object
3		540.5		94.04163014888763		16.362309345162206		(31,155)		false object
-----------------------------------------------------------------------

392		3
1		9299.0		820.9848425388336		72.48264455086714		(285,151)		person
2		664.0		163.74011433124542		40.377748556038135		(103,179)		true object
3		547.5		94.04163014888763		16.153110869516297		(31,155)		false object
-----------------------------------------------------------------------

393		3
1		8900.5		749.7716394662857		63.160216993198354		(288,153)		person
2		671.0		171.39696848392487		43.78080596941808		(103,179)		true object
3		547.5		94.04163014888763		16.153110869516297		(31,155)		false object
-----------------------------------------------------------------------

394		3
1		7661.0		701.3279877901077		64.20323018636229		(290,156)		person
2		665.0		166.56854140758514		41.7219232881961		(103,179)		true object
3		548.5		93.21320307254791		15.840840887956345		(31,155)		false object
-----------------------------------------------------------------------

395		3
1		6068.0		515.2203427553177		43.74620988610861		(294,177)		person
2		670.5		167.15432786941528		41.671244333297516		(103,179)		true object
3		549.5		93.21320307254791		15.812013152036497		(31,155)		false object
-----------------------------------------------------------------------

396		3
1		5656.5		412.066015124321		30.018280000077276		(297,177)		person
2		663.5		167.982754945755		42.529323224062665		(103,179)		true object
3		553.5		93.21320307254791		15.69774386096487		(31,155)		false object
-----------------------------------------------------------------------

397		3
1		4755.5		468.49242091178894		46.15395824872018		(299,180)		person
2		665.0		168.2253955602646		42.55606573143984		(103,179)		true object
3		553.5		93.21320307254791		15.69774386096487		(31,155)		false object
-----------------------------------------------------------------------

398		3
1		4693.5		468.14927542209625		46.695162262327415		(300,177)		person
2		666.0		164.911687374115		40.83463158044721		(103,179)		true object
3		556.0		93.79898953437805		15.824191434658928		(31,155)		false object
-----------------------------------------------------------------------

399		3
1		4608.5		387.237587928772		32.53834208633903		(301,175)		person
2		666.0		165.74011421203613		41.245924112640814		(103,179)		true object
3		554.5		93.21320307254791		15.669434133533013		(31,155)		false object
-----------------------------------------------------------------------

400		3
1		5857.5		596.5756808519363		60.76014391531394		(301,149)		person
2		664.0		165.7401144504547		41.370158942846125		(103,179)		true object
3		554.5		93.21320307254791		15.669434133533013		(31,155)		false object
-----------------------------------------------------------------------

401		3
1		6073.5		592.0904003381729		57.721419638201674		(300,148)		person
2		664.5		167.15432786941528		42.047508390483046		(103,179)		true object
3		551.5		93.21320307254791		15.754671309236729		(31,155)		false object
-----------------------------------------------------------------------

402		3
1		6491.0		588.5340512990952		53.36193645640517		(299,147)		person
2		654.5		165.982754945755		42.093620992181144		(103,179)		true object
3		552.5		93.21320307254791		15.726156067048064		(31,155)		false object
-----------------------------------------------------------------------

403		3
1		7223.0		558.8771967887878		43.24293521950623		(296,147)		person
2		646.5		170.81118190288544		45.12986831099863		(103,179)		true object
3		544.5		94.04163014888763		16.24210872554669		(31,155)		false object
-----------------------------------------------------------------------

404		3
1		8130.5		595.2619731426239		43.58118401938994		(294,149)		person
2		645.5		168.81118214130402		44.147506143988416		(103,178)		true object
3		540.5		94.04163014888763		16.362309345162206		(31,155)		false object
-----------------------------------------------------------------------

405		3
1		9102.5		661.2030982971191		48.02961133729303		(290,152)		person
2		635.5		167.982754945755		44.40315650537463		(103,178)		true object
3		543.5		94.04163014888763		16.271993010230307		(31,155)		false object
-----------------------------------------------------------------------

406		3
1		9839.0		620.8183219432831		39.172211491053346		(287,151)		person
2		620.0		164.56854140758514		43.68194325970978		(103,178)		true object
3		543.5		94.04163014888763		16.271993010230307		(31,155)		false object
-----------------------------------------------------------------------

407		3
1		10299.0		621.6467491388321		37.52254400571687		(285,150)		person
2		619.5		164.32590079307556		43.58838042204312		(103,178)		true object
3		542.0		92.62741661071777		15.829959977814529		(31,155)		false object
-----------------------------------------------------------------------

408		3
1		10665.5		573.060962677002		30.79076151556816		(282,149)		person
2		599.5		164.6690467596054		45.23085064339802		(103,178)		true object
3		545.5		93.21320307254791		15.92795825305968		(31,155)		false object
-----------------------------------------------------------------------

409		3
1		10502.5		607.345232963562		35.12194544190083		(278,150)		person
2		589.5		163.154327750206		45.15578399257275		(103,178)		true object
3		546.5		93.21320307254791		15.898812858269086		(31,155)		false object
-----------------------------------------------------------------------

410		3
1		10415.5		701.1442229747772		47.19919556535012		(273,151)		person
2		600.5		161.49747371673584		43.43286264261079		(103,178)		true object
3		548.5		93.21320307254791		15.840840887956345		(31,155)		false object
-----------------------------------------------------------------------

411		3
1		10369.5		667.8305146694183		43.0105208856377		(269,151)		person
2		594.5		164.32590079307556		45.42136530101886		(103,177)		true object
3		551.5		93.21320307254791		15.754671309236729		(31,155)		false object
-----------------------------------------------------------------------

412		3
1		10074.0		708.3574261665344		49.80844185083157		(265,149)		person
2		600.5		160.32590067386627		42.80498655601404		(103,177)		true object
3		550.5		93.21320307254791		15.783290149035523		(31,155)		false object
-----------------------------------------------------------------------

413		3
1		10457.5		669.8305146694183		42.904414858455446		(261,148)		person
2		600.5		157.49747359752655		41.30800031574284		(103,177)		true object
3		553.5		92.38477599620819		15.419958149719177		(31,155)		false object
-----------------------------------------------------------------------

414		3
1		10517.0		805.1269782781601		61.63634602560814		(258,146)		person
2		569.5		147.01219236850739		37.95010483756808		(103,177)		true object
3		554.5		93.21320307254791		15.669434133533013		(31,155)		false object
-----------------------------------------------------------------------

415		3
1		10182.0		889.4945081472397		77.70580239875268		(255,146)		person
2		586.5		161.1543276309967		44.280847935547534		(103,177)		true object
3		553.5		92.38477599620819		15.419958149719177		(31,155)		false object
-----------------------------------------------------------------------

416		3
1		10248.0		897.6955189704895		78.63556252729279		(252,147)		person
2		591.5		158.32590079307556		42.3788518375973		(103,177)		true object
3		555.0		93.79898953437805		15.852703491297953		(31,155)		false object
-----------------------------------------------------------------------

417		3
1		10026.0		976.1219251155853		95.0343120577854		(250,147)		person
2		587.0		158.9116872549057		43.020314048042515		(103,177)		true object
3		557.0		94.62741661071777		16.076028679386617		(31,155)		false object
-----------------------------------------------------------------------

418		3
1		10501.0		880.3818107843399		73.80936413293145		(247,147)		person
2		587.0		158.9116872549057		43.020314048042515		(103,177)		true object
3		556.0		92.97056245803833		15.545909143460442		(31,155)		false object
-----------------------------------------------------------------------

419		3
1		10596.5		884.2813054323196		73.79355703648255		(245,146)		person
2		590.5		162.32590067386627		44.62268929649771		(103,177)		true object
3		554.5		93.21320307254791		15.669434133533013		(31,155)		false object
-----------------------------------------------------------------------

420		3
1		8610.0		640.9015818834305		47.70671749833723		(245,165)		person
2		587.0		158.08326017856598		42.572942331659604		(103,177)		true object
3		556.0		93.79898953437805		15.824191434658928		(31,155)		false object
-----------------------------------------------------------------------

421		3
1		8579.0		763.6711336374283		67.97920507647451		(244,165)		person
2		595.5		163.49747383594513		44.88904105916971		(103,178)		true object
3		556.0		92.97056245803833		15.545909143460442		(31,155)		false object
-----------------------------------------------------------------------

422		3
1		8805.0		754.1564152240753		64.59419632295602		(243,165)		person
2		602.5		161.49747371673584		43.28868716495897		(103,178)		true object
3		557.5		93.21320307254791		15.585114308599202		(31,155)		false object
-----------------------------------------------------------------------

423		3
1		11078.5		991.0508571863174		88.65656916818475		(239,146)		person
2		602.5		165.98275482654572		45.72659734408163		(103,178)		true object
3		555.5		92.38477599620819		15.364440748640082		(31,155)		false object
-----------------------------------------------------------------------

424		3
1		11582.0		791.9554046392441		54.15242297852779		(238,144)		person
2		615.0		162.9116872549057		43.1548257629922		(103,178)		true object
3		558.5		93.21320307254791		15.557209000974137		(31,155)		false object
-----------------------------------------------------------------------

425		3
1		10850.5		1008.7077119350433		93.77367385071936		(237,145)		person
2		605.0		162.9116872549057		43.868128668165625		(103,178)		true object
3		554.5		93.21320307254791		15.669434133533013		(31,155)		false object
-----------------------------------------------------------------------

426		3
1		10576.5		958.0802956819534		86.78843218210366		(235,144)		person
2		619.0		163.7401144504547		43.31312613933442		(104,178)		true object
3		556.5		92.38477599620819		15.336831690691042		(31,155)		false object
-----------------------------------------------------------------------

427		3
1		10184.5		942.5655763149261		87.23352797426372		(234,143)		person
2		620.5		161.154327750206		41.85450016538407		(104,178)		true object
3		553.5		92.38477599620819		15.419958149719177		(31,155)		false object
-----------------------------------------------------------------------

428		3
1		9588.0		1022.6072061061859		109.06607196290147		(234,142)		person
2		615.5		161.49747371673584		42.3743850802401		(104,178)		true object
3		555.5		93.21320307254791		15.641226331312431		(31,155)		false object
-----------------------------------------------------------------------

429		3
1		8799.0		936.1807999610901		99.6061473139887		(234,140)		person
2		605.5		161.49747371673584		43.07420977190385		(103,178)		true object
3		552.5		93.21320307254791		15.726156067048064		(31,155)		false object
-----------------------------------------------------------------------

430		3
1		4743.0		595.1025924682617		74.66731932583723		(235,167)		person
2		613.5		165.15432798862457		44.45957954910217		(103,178)		true object
3		554.5		93.21320307254791		15.669434133533013		(31,155)		false object
-----------------------------------------------------------------------

431		3
1		4131.5		621.1442226171494		93.38500430610257		(238,171)		person
2		620.5		163.15432786941528		42.89981418617351		(103,178)		true object
3		554.5		93.21320307254791		15.669434133533013		(31,155)		false object
-----------------------------------------------------------------------

432		3
1		3943.5		605.3452330827713		92.92325376341695		(240,183)		person
2		613.0		163.7401144504547		43.737071909050584		(103,178)		true object
3		552.5		93.21320307254791		15.726156067048064		(31,155)		false object
-----------------------------------------------------------------------

433		3
1		10158.5		609.4873679876328		36.56788420893755		(247,145)		person
2		612.5		163.49747371673584		43.64314108041588		(103,178)		true object
3		554.5		93.21320307254791		15.669434133533013		(31,155)		false object
-----------------------------------------------------------------------

434		3
1		10615.0		832.2396759986877		65.24944684940186		(249,145)		person
2		614.5		164.32590079307556		43.94304584451703		(103,178)		true object
3		552.5		93.21320307254791		15.726156067048064		(31,155)		false object
-----------------------------------------------------------------------

435		3
1		10604.0		906.6660808324814		77.52200887703997		(255,150)		person
2		609.0		165.74011433124542		45.10638012895616		(103,178)		true object
3		553.5		92.38477599620819		15.419958149719177		(31,155)		false object
-----------------------------------------------------------------------

436		3
1		11280.0		805.6122587919235		57.53644605636748		(260,153)		person
2		607.5		161.49747371673584		42.93240167388935		(103,178)		true object
3		554.5		93.21320307254791		15.669434133533013		(31,155)		false object
-----------------------------------------------------------------------

437		3
1		11943.0		836.3818110227585		58.5727651184551		(263,156)		person
2		610.5		163.982754945755		44.04642738673143		(103,178)		true object
3		560.0		92.97056245803833		15.434866935292868		(31,155)		false object
-----------------------------------------------------------------------

438		3
1		11836.0		795.7543934583664		53.49992013419167		(270,156)		person
2		607.0		164.9116872549057		44.80373079614469		(103,178)		true object
3		555.5		93.21320307254791		15.641226331312431		(31,155)		false object
-----------------------------------------------------------------------

439		3
1		12199.0		754.0142793655396		46.60525727413181		(274,156)		person
2		600.0		162.08326017856598		43.784972050187854		(103,178)		true object
3		557.0		93.79898953437805		15.795781755243024		(31,155)		false object
-----------------------------------------------------------------------

440		3
1		12095.0		796.842707157135		52.497585775073304		(277,154)		person
2		599.5		165.15432786941528		45.497834885735315		(103,178)		true object
3		554.0		93.79898953437805		15.881318479549392		(31,155)		false object
-----------------------------------------------------------------------

441		3
1		11470.0		730.0731552839279		46.4696435977533		(279,154)		person
2		598.5		164.32590091228485		45.11779734441781		(103,178)		true object
3		551.5		93.21320307254791		15.754671309236729		(31,155)		false object
-----------------------------------------------------------------------

442		3
1		10901.5		671.5462431907654		41.36810133868097		(281,153)		person
2		604.5		161.49747371673584		43.145465702047616		(103,178)		true object
3		551.5		93.21320307254791		15.754671309236729		(31,155)		false object
-----------------------------------------------------------------------

443		3
1		10886.5		706.5168062448502		45.85183461226502		(282,152)		person
2		599.0		163.25483310222626		44.494391537956176		(103,178)		true object
3		548.5		93.21320307254791		15.840840887956345		(31,155)		false object
-----------------------------------------------------------------------

444		3
1		10649.5		743.6295037269592		51.925896879027526		(283,151)		person
2		630.5		165.982754945755		43.695915843588516		(103,178)		true object
3		543.5		93.21320307254791		15.986570794929264		(31,155)		false object
-----------------------------------------------------------------------

445		3
1		10520.0		753.5878735780716		53.98238433497334		(283,152)		person
2		652.0		167.39696848392487		42.97813659142352		(103,178)		true object
3		539.5		94.04163014888763		16.392638000111532		(31,155)		false object
-----------------------------------------------------------------------

446		3
1		10081.5		829.7716400623322		68.29548922796533		(284,151)		person
2		654.0		168.56854152679443		43.448552282065165		(103,179)		true object
3		537.0		93.4558436870575		16.264422196014383		(31,155)		false object
-----------------------------------------------------------------------

447		3
1		9691.5		906.8843373060226		84.86191005014537		(285,151)		person
2		660.5		167.63960909843445		42.548127991939296		(103,179)		true object
3		540.5		94.04163014888763		16.362309345162206		(31,155)		false object
-----------------------------------------------------------------------

448		3
1		8323.0		597.019332408905		42.82495293403516		(285,161)		person
2		650.5		165.982754945755		42.3524595532399		(103,178)		true object
3		541.5		94.04163014888763		16.332092707405675		(31,155)		false object
-----------------------------------------------------------------------

449		3
1		7824.0		591.8477598428726		44.770420607237554		(288,164)		person
2		662.5		171.982754945755		44.64614037544395		(103,179)		true object
3		547.5		93.21320307254791		15.869773930674073		(31,155)		false object
-----------------------------------------------------------------------

450		3
1		7229.0		580.7350618839264		46.65281672448857		(291,168)		person
2		656.0		166.56854128837585		42.294327663014286		(103,179)		true object
3		547.5		94.04163014888763		16.153110869516297		(31,155)		false object
-----------------------------------------------------------------------

451		3
1		6246.5		480.35028529167175		36.93850901781645		(292,175)		person
2		662.5		165.15432798862457		41.171248382451594		(103,179)		true object
3		552.5		93.21320307254791		15.726156067048064		(31,155)		false object
-----------------------------------------------------------------------

452		3
1		5666.5		428.2081503868103		32.35899056872728		(296,177)		person
2		652.5		166.81118202209473		42.64516543694777		(103,179)		true object
3		550.5		93.21320307254791		15.783290149035523		(31,155)		false object
-----------------------------------------------------------------------

453		3
1		5102.0		412.308655500412		33.31995833017589		(299,178)		person
2		667.0		168.56854152679443		42.60172892424381		(103,179)		true object
3		553.5		93.21320307254791		15.69774386096487		(31,155)		false object
-----------------------------------------------------------------------

454		3
1		4840.5		405.5807340145111		33.983210784784546		(300,179)		person
2		656.0		168.56854152679443		43.316087183644235		(103,179)		true object
3		553.5		93.21320307254791		15.69774386096487		(31,155)		false object
-----------------------------------------------------------------------

455		3
1		4591.5		482.83556723594666		50.77429706807326		(300,180)		person
2		657.5		167.9827550649643		42.91742357295177		(103,178)		true object
3		554.5		93.21320307254791		15.669434133533013		(31,155)		false object
-----------------------------------------------------------------------

456		3
1		4456.5		464.00713980197906		48.31204438173754		(300,180)		person
2		646.5		165.982754945755		42.61450106633033		(103,179)		true object
3		551.5		93.21320307254791		15.754671309236729		(31,155)		false object
-----------------------------------------------------------------------

457		3
1		4598.0		432.10764586925507		40.60831179179416		(301,177)		person
2		649.5		165.15432798862457		41.99530724153069		(103,179)		true object
3		549.5		93.21320307254791		15.812013152036497		(31,155)		false object
-----------------------------------------------------------------------

458		3
1		4520.0		376.0243855714798		31.281933306285158		(302,176)		person
2		646.5		167.982754945755		43.64765036220507		(103,179)		true object
3		550.5		93.21320307254791		15.783290149035523		(31,155)		false object
-----------------------------------------------------------------------

459		3
1		5736.0		630.4751757383347		69.2989796412629		(301,152)		person
2		645.5		166.81118190288544		43.10762263026729		(103,179)		true object
3		547.5		93.21320307254791		15.869773930674073		(31,155)		false object
-----------------------------------------------------------------------

460		3
1		6172.0		591.1614670753479		56.622145196804546		(299,148)		person
2		647.5		165.982754945755		42.54868716506959		(103,178)		true object
3		546.5		94.04163014888763		16.182668254455944		(31,155)		false object
-----------------------------------------------------------------------

461		3
1		6788.5		593.261972784996		51.8464709954696		(297,148)		person
2		637.0		165.39696848392487		42.945301701212614		(103,178)		true object
3		544.5		94.04163014888763		16.24210872554669		(31,155)		false object
-----------------------------------------------------------------------

462		3
1		7729.0		610.8183217048645		48.272612515247424		(294,151)		person
2		619.0		164.56854128837585		43.752511763786536		(103,178)		true object
3		541.5		94.04163014888763		16.332092707405675		(31,155)		false object
-----------------------------------------------------------------------

463		3
1		8633.5		628.5756808519363		45.76445086679508		(291,154)		person
2		618.5		164.32590079307556		43.65885476387342		(103,178)		true object
3		539.0		92.62741661071777		15.918067361735575		(31,155)		false object
-----------------------------------------------------------------------

464		3
1		9191.5		698.1736602783203		53.03230810057416		(289,153)		person
2		606.0		164.08326017856598		44.427914638328346		(103,178)		true object
3		545.5		93.21320307254791		15.92795825305968		(31,155)		false object
-----------------------------------------------------------------------

465		3
1		9863.5		687.9726495742798		47.98564065111317		(286,151)		person
2		603.5		163.49747359752655		44.29399150418209		(103,178)		true object
3		543.5		93.21320307254791		15.986570794929264		(31,155)		false object
-----------------------------------------------------------------------

466		3
1		9890.5		719.0853484869003		52.280849138923905		(283,150)		person
2		601.5		163.49747371673584		44.441270011229804		(103,178)		true object
3		545.5		93.21320307254791		15.92795825305968		(31,155)		false object
-----------------------------------------------------------------------

467		3
1		10105.0		615.9310191869736		37.54290157315231		(279,149)		person
2		598.0		164.9116872549057		45.478034436889345		(103,178)		true object
3		547.5		93.21320307254791		15.869773930674073		(31,155)		false object
-----------------------------------------------------------------------

468		3
1		9867.5		646.5168061256409		42.3596636030301		(275,151)		person
2		592.0		160.56854116916656		43.55110880607151		(103,177)		true object
3		544.5		93.21320307254791		15.957210701641975		(31,155)		false object
-----------------------------------------------------------------------

469		3
1		9834.0		704.5584365129471		50.47819711832098		(270,151)		person
2		595.5		165.15432786941528		45.803445867335554		(103,178)		true object
3		549.5		93.21320307254791		15.812013152036497		(31,155)		false object
-----------------------------------------------------------------------

470		3
1		9498.5		613.2030975818634		39.58709679254538		(266,150)		person
2		588.5		161.15432786941528		44.13036090236703		(103,178)		true object
3		549.5		93.21320307254791		15.812013152036497		(31,155)		false object
-----------------------------------------------------------------------

471		3
1		9749.5		695.085347533226		49.55573520235762		(263,149)		person
2		603.5		165.982754945755		45.6508283999711		(103,177)		true object
3		549.5		93.21320307254791		15.812013152036497		(31,155)		false object
-----------------------------------------------------------------------

472		3
1		10228.5		628.3157955408096		38.59615182344239		(261,148)		person
2		593.5		160.66904652118683		43.49543809608643		(103,178)		true object
3		548.5		93.21320307254791		15.840840887956345		(31,155)		false object
-----------------------------------------------------------------------

473		3
1		10564.5		671.4284936189651		42.67274570906647		(260,148)		person
2		589.0		164.56854140758514		45.98099290495767		(103,178)		true object
3		550.5		93.21320307254791		15.783290149035523		(31,155)		false object
-----------------------------------------------------------------------

474		3
1		11070.5		748.7422012090683		50.64043032125026		(258,148)		person
2		595.5		163.15432786941528		44.70081394210018		(103,177)		true object
3		555.0		92.97056245803833		15.573919790565776		(31,155)		false object
-----------------------------------------------------------------------

475		3
1		11263.5		773.0853474140167		53.06174407477702		(257,147)		person
2		593.0		160.9116872549057		43.66369493291835		(103,177)		true object
3		554.0		92.97056245803833		15.602031559140805		(31,155)		false object
-----------------------------------------------------------------------

476		3
1		10966.0		836.2396755218506		63.76954175787799		(257,147)		person
2		591.0		160.56854152679443		43.62479953983402		(103,177)		true object
3		551.5		93.21320307254791		15.754671309236729		(31,155)		false object
-----------------------------------------------------------------------

477		3
1		10605.0		903.0092269182205		76.89068023568527		(257,147)		person
2		580.0		164.911687374115		46.88942178030662		(103,177)		true object
3		557.5		92.38477599620819		15.309321678689802		(31,155)		false object
-----------------------------------------------------------------------

478		3
1		10345.5		858.139170050621		71.18098063652494		(257,147)		person
2		588.0		159.7401144504547		43.39609551810267		(103,177)		true object
3		554.5		92.38477599620819		15.392149388403183		(31,155)		false object
-----------------------------------------------------------------------

479		3
1		9595.0		837.5533838272095		73.11054411260123		(255,147)		person
2		593.5		161.982754945755		44.209625778966334		(103,177)		true object
3		556.0		93.79898953437805		15.824191434658928		(31,155)		false object
-----------------------------------------------------------------------

480		3
1		8807.5		809.5117537975311		74.40355146595		(253,144)		person
2		590.5		157.49747359752655		42.007543081462444		(103,177)		true object
3		556.0		92.97056245803833		15.545909143460442		(31,155)		false object
-----------------------------------------------------------------------

481		3
1		8314.5		811.511754155159		79.20516292404633		(253,141)		person
2		568.5		150.18376553058624		39.67486970790871		(103,177)		true object
3		551.5		93.21320307254791		15.754671309236729		(31,155)		false object
-----------------------------------------------------------------------

482		3
1		7676.0		848.5828207731247		93.81094368307362		(253,141)		person
2		586.0		161.74011409282684		44.64140700812397		(103,178)		true object
3		558.0		92.97056245803833		15.490189039003594		(31,155)		false object
-----------------------------------------------------------------------

483		3
1		8272.5		908.482315659523		99.7691287840543		(253,147)		person
2		608.0		164.56854152679443		44.544086941210956		(103,178)		true object
3		554.5		92.38477599620819		15.392149388403183		(31,155)		false object
-----------------------------------------------------------------------

484		3
1		8702.0		1108.4061969518661		141.18183146877718		(254,150)		person
2		607.0		162.911687374115		43.72358794576834		(103,178)		true object
3		553.5		93.21320307254791		15.69774386096487		(31,155)		false object
-----------------------------------------------------------------------

485		3
1		9729.5		1126.4478261470795		130.41622951143233		(257,151)		person
2		613.0		160.08326017856598		41.805302103423244		(103,178)		true object
3		551.5		92.38477599620819		15.475878215538648		(31,155)		false object
-----------------------------------------------------------------------

486		3
1		9711.5		1060.3645664453506		115.77748172505137		(262,150)		person
2		591.5		162.32590067386627		44.547249416030255		(103,178)		true object
3		558.0		92.97056245803833		15.490189039003594		(31,155)		false object
-----------------------------------------------------------------------

487		3
1		8428.0		655.5878740549088		50.996139132396166		(261,155)		person
2		599.0		163.74011433124542		44.75930724742792		(103,178)		true object
3		556.5		93.21320307254791		15.61311990484107		(31,155)		false object
-----------------------------------------------------------------------

488		3
1		10776.5		1061.8204087018967		104.62233381300635		(269,155)		person
2		585.5		154.6690467596054		40.858264774594375		(103,177)		true object
3		554.5		93.21320307254791		15.669434133533013		(31,155)		false object
-----------------------------------------------------------------------

489		3
1		8621.0		758.4995611906052		66.73490132540779		(270,156)		person
2		596.5		162.32590079307556		44.17384420500153		(103,178)		true object
3		553.5		92.38477599620819		15.419958149719177		(31,155)		false object
-----------------------------------------------------------------------

490		3
1		8570.5		703.2863581180573		57.71095052971942		(273,156)		person
2		594.5		162.32590067386627		44.322452530835825		(103,178)		true object
3		549.5		93.21320307254791		15.812013152036497		(31,155)		false object
-----------------------------------------------------------------------

491		3
1		9225.5		883.0264724493027		84.51961964622612		(276,156)		person
2		597.5		163.49747371673584		44.73878478954766		(103,178)		true object
3		547.5		93.21320307254791		15.869773930674073		(31,155)		false object
-----------------------------------------------------------------------

492		3
1		8728.0		724.7005715370178		60.173111639101776		(276,155)		person
2		599.0		161.7401144504547		43.672561974033705		(103,177)		true object
3		547.5		93.21320307254791		15.869773930674073		(31,155)		false object
-----------------------------------------------------------------------

493		3
1		8976.0		778.641695857048		67.54488530828205		(276,153)		person
2		587.0		166.56854128837585		47.265892584220396		(103,178)		true object
3		551.5		93.21320307254791		15.754671309236729		(31,155)		false object
-----------------------------------------------------------------------

494		3
1		8682.0		693.0437173843384		55.322459595243345		(273,151)		person
2		584.5		162.81118178367615		45.350694463297245		(103,177)		true object
3		547.5		93.21320307254791		15.869773930674073		(31,155)		false object
-----------------------------------------------------------------------

495		3
1		8324.0		727.2691127061844		63.54161007886122		(269,150)		person
2		583.0		161.74011433124542		44.87112278539338		(103,178)		true object
3		551.5		93.21320307254791		15.754671309236729		(31,155)		false object
-----------------------------------------------------------------------

496		3
1		5787.5		569.8305150270462		56.10484939196349		(263,121)		person
2		594.0		158.56854116916656		42.329936445315944		(103,177)		true object
3		553.5		94.04163014888763		15.978009396676011		(31,155)		false object
-----------------------------------------------------------------------

497		3
1		8549.0		917.4945098161697		98.46720967865407		(257,146)		person
2		589.0		165.39696848392487		46.445088597066956		(103,178)		true object
3		555.0		92.97056245803833		15.573919790565776		(31,155)		false object
-----------------------------------------------------------------------

498		3
1		7180.5		799.0264719724655		88.91348832431797		(252,168)		person
2		600.0		166.56854128837585		46.24179824489562		(103,178)		true object
3		556.0		93.79898953437805		15.824191434658928		(31,155)		false object
-----------------------------------------------------------------------

499		3
1		9363.0		1198.9747366905212		153.5341684526439		(242,145)		person
2		609.0		165.7401144504547		45.10638019384208		(103,178)		true object
3		554.5		93.21320307254791		15.669434133533013		(31,155)		false object
-----------------------------------------------------------------------

500		3
1		8088.5		758.6833262443542		71.162810103381		(232,129)		person
2		615.5		163.49747371673584		43.43042065272904		(103,178)		true object
3		554.5		93.21320307254791		15.669434133533013		(31,155)		false object
-----------------------------------------------------------------------

501		3
1		10104.0		1165.9452993869781		134.54359077222784		(224,142)		person
2		626.0		166.56854140758514		44.32121243873867		(103,178)		true object
3		554.5		92.38477599620819		15.392149388403183		(31,155)		false object
-----------------------------------------------------------------------

502		3
1		10689.0		884.6660817861557		73.21864311562065		(214,142)		person
2		632.5		165.982754945755		43.55774693973527		(103,178)		true object
3		552.5		93.21320307254791		15.726156067048064		(31,155)		false object
-----------------------------------------------------------------------

503		3
1		11989.5		1013.8792842626572		85.73762067283522		(202,145)		person
2		651.5		167.9827550649643		43.312672293500825		(103,178)		true object
3		557.5		92.38477599620819		15.309321678689802		(31,155)		false object
-----------------------------------------------------------------------

